8  
97.432472  
5 960.000000 990.000000  
5 1120.000000 598.000000  
5 830.000000 814.000000  
5 830.000000 382.000000  
5 -1678.000000 990.000000  
5 -2023.000000 990.000000  
5 3620.000000 990.000000  
5 3275.000000 990.000000  
5 -1200.000000 990.000000  
5 3000.000000 990.000000  
5 960.000000 1030.000000  
5 0.000000 540.000000  
5 1920.000000 540.000000  
5 4520.000000 540.000000  
5 -2600.000000 540.000000  
 
 
 
 
 
 
5 480.000000 864.000000  
5 1460.000000 648.000000  
5 480.000000 432.000000  
5 1460.000000 216.000000  
5 -2120.000000 648.000000  
5 4040.000000 648.000000  
5 3447.500000 1010.000000  
5 -2192.000000 1010.000000  
2 -99999.000000 -9999.000000 100.000000  
2 -99999.000000 -9999.000000 100.000000  
2 -99999.000000 -9999.000000 100.000000  
2 -99999.000000 -9999.000000 100.000000  
2 -99999.000000 -9999.000000 100.000000  
2 -99999.000000 -9999.000000 100.000000  
2 -99999.000000 -9999.000000 100.000000  
2 -99999.000000 -9999.000000 100.000000  
2 -99999.000000 -9999.000000 100.000000  
2 -99999.000000 -9999.000000 100.000000  
2 -99999.000000 -9999.000000 100.000000  
2 -99999.000000 -9999.000000 100.000000  
2 -99999.000000 -9999.000000 100.000000  
2 -99999.000000 -9999.000000 100.000000  
2 -99999.000000 -9999.000000 100.000000  
2 -99999.000000 -9999.000000 100.000000  
2 -99999.000000 -9999.000000 100.000000  
2 -99999.000000 -9999.000000 100.000000  
2 -99999.000000 -9999.000000 100.000000  
2 -99999.000000 -9999.000000 100.000000  
2 -99999.000000 -9999.000000 100.000000  
2 -99999.000000 -9999.000000 100.000000  
2 -99999.000000 -9999.000000 100.000000  
2 -99999.000000 -9999.000000 100.000000  
2 -99999.000000 -9999.000000 100.000000  
2 -99999.000000 -9999.000000 100.000000  
2 -2455.000000 532.095703 100.000000  
2 -99999.000000 -9999.000000 100.000000  
2 -99999.000000 -9999.000000 100.000000  
2 -99999.000000 -9999.000000 100.000000  
2 -99999.000000 -9999.000000 100.000000  
2 -99999.000000 -9999.000000 100.000000  
2 -99999.000000 -9999.000000 100.000000  
2 -99999.000000 -9999.000000 100.000000  
2 -99999.000000 -9999.000000 100.000000  
2 -99999.000000 -9999.000000 100.000000  
2 -99999.000000 -9999.000000 100.000000  
2 -99999.000000 -9999.000000 100.000000  
2 -99999.000000 -9999.000000 100.000000  
2 -99999.000000 -9999.000000 100.000000  
2 -99999.000000 -9999.000000 100.000000  
2 -99999.000000 -9999.000000 100.000000  
2 -99999.000000 -9999.000000 100.000000  
6 -1222.720825 952.129211  
6 -1177.466187 942.013123  
6 0.000000 0.000000  
6 0.000000 0.000000  
6 0.000000 0.000000  
1 -859.894836 983.502930 80.000000 24 1  
6 0.000000 0.000000  
4 -99999.000000 -9999.000000 90.000000  
6 0.000000 0.000000  
4 -99999.000000 -9999.000000 90.000000  
6 0.000000 0.000000  
4 -2228.731445 580.502930 90.000000  
6 0.000000 0.000000  
4 -99999.000000 -9999.000000 90.000000  
6 0.000000 0.000000  
6 0.000000 0.000000  
4 -99999.000000 -9999.000000 90.000000  
6 0.000000 0.000000  
4 -99999.000000 -9999.000000 90.000000  
6 0.000000 0.000000  
4 -99999.000000 -9999.000000 90.000000  
6 0.000000 0.000000  
4 -99999.000000 -9999.000000 90.000000  
6 0.000000 0.000000  
4 -99999.000000 -9999.000000 90.000000  
6 0.000000 0.000000  
4 -99999.000000 -9999.000000 90.000000  
6 -1206.098633 962.500244  
6 0.000000 0.000000  
4 -99999.000000 -9999.000000 90.000000  
6 0.000000 0.000000  
6 0.000000 0.000000  
4 -99999.000000 -9999.000000 90.000000  
6 0.000000 0.000000  
4 -99999.000000 -9999.000000 90.000000  
6 0.000000 0.000000  
4 -99999.000000 -9999.000000 90.000000  
6 0.000000 0.000000  
4 -99999.000000 -9999.000000 90.000000  
6 0.000000 0.000000  
4 -99999.000000 -9999.000000 90.000000  
6 0.000000 0.000000  
4 -99999.000000 -9999.000000 90.000000  
6 -1208.512939 962.500244  
6 0.000000 0.000000  
6 -1173.511475 997.045776  
6 0.000000 0.000000  
4 -99999.000000 -9999.000000 90.000000  
6 0.000000 0.000000  
4 -99999.000000 -9999.000000 90.000000  
6 0.000000 0.000000  
4 -99999.000000 -9999.000000 90.000000  
6 0.000000 0.000000  
4 -99999.000000 -9999.000000 90.000000  
6 -899.588318 968.899170  
6 0.000000 0.000000  
4 -99999.000000 -9999.000000 90.000000  
6 0.000000 0.000000  
4 -99999.000000 -9999.000000 90.000000  
6 0.000000 0.000000  
4 -99999.000000 -9999.000000 90.000000  
6 0.000000 0.000000  
4 -99999.000000 -9999.000000 90.000000  
6 0.000000 0.000000  
4 -2243.731445 580.502930 90.000000  
6 0.000000 0.000000  
6 0.000000 0.000000  
4 -99999.000000 -9999.000000 90.000000  
6 0.000000 0.000000  
4 -99999.000000 -9999.000000 90.000000  
6 -1672.005493 962.500244  
6 -1223.558472 962.500183  
4 -1232.500000 982.500000 0.000000  
6 0.000000 0.000000  
4 -99999.000000 -9999.000000 90.000000  
6 0.000000 0.000000  
6 0.000000 0.000000  
4 -99999.000000 -9999.000000 90.000000  
6 0.000000 0.000000  
4 -99999.000000 -9999.000000 90.000000  
6 0.000000 0.000000  
4 -99999.000000 -9999.000000 90.000000  
6 0.000000 0.000000  
4 -2417.343750 580.502930 90.000000  
6 0.000000 0.000000  
4 -99999.000000 -9999.000000 90.000000  
6 0.000000 0.000000  
4 -99999.000000 -9999.000000 90.000000  
6 0.000000 0.000000  
4 -99999.000000 -9999.000000 90.000000  
6 0.000000 0.000000  
4 -99999.000000 -9999.000000 90.000000  
